%YAML:1.0
---
model_type: PINHOLE
camera_name: camera
image_width: 640
image_height: 480
distortion_parameters:
   k1: 0.0
   k2: 0.0
   p1: 0.0
   p2: 0.0
projection_parameters:
   fx: 384.67132568359375
   fy: 384.67132568359375
   cx: 319.40240478515625
   cy: 236.74301147460938
